4.433 -0.000 -0.000 2.800 0.003 0.003 0.000 1.684 0.000 0.000 0.000 0.012
4.383 -0.000 -0.000 2.750 0.002 0.002 0.000 1.684 0.000 0.000 0.000 0.010
4.333 -0.000 -0.000 2.700 0.001 0.001 0.000 1.684 0.000 0.000 0.000 0.007
4.283 -0.000 -0.000 2.650 0.001 0.001 0.000 1.684 0.000 0.000 0.000 0.005
4.233 0.000 -0.000 2.600 0.000 0.000 0.000 1.683 0.000 0.000 0.000 0.003
4.223 0.000 -0.000 2.590 0.000 0.000 0.000 1.683 0.000 0.000 0.000 0.003
4.183 0.000 0.000 2.550 0.000 0.000 0.000 1.683 0.000 0.000 0.000 0.003
4.133 0.000 0.000 2.500 0.001 0.001 0.000 1.684 0.000 0.000 0.000 0.004
4.083 0.000 0.000 2.450 0.001 0.001 0.000 1.684 0.000 0.000 0.000 0.005
4.033 0.000 0.000 2.400 0.002 0.002 0.000 1.684 0.000 0.000 0.000 0.008
3.983 0.000 0.000 2.350 0.003 0.003 0.000 1.684 0.000 0.000 0.000 0.011
3.883 0.000 -0.000 2.250 0.004 0.004 0.000 1.684 0.000 0.000 0.000 0.015
3.833 0.000 -0.000 2.200 0.004 0.004 0.000 1.684 0.000 0.000 0.000 0.015
3.783 0.000 -0.000 2.150 0.004 0.004 0.000 1.684 0.000 0.000 0.000 0.013
3.683 0.000 -0.000 2.050 0.004 0.003 0.000 1.684 0.000 0.000 0.000 0.011
3.633 0.000 -0.000 2.000 0.003 0.003 0.000 1.684 0.000 0.000 0.000 0.010
3.583 0.000 -0.000 1.950 0.003 0.003 0.000 1.684 0.000 0.000 0.000 0.009
3.533 0.000 -0.000 1.900 0.003 0.003 0.000 1.684 0.000 0.000 0.000 0.008
3.483 0.000 -0.000 1.850 0.003 0.003 0.000 1.684 0.000 0.000 0.000 0.007
3.433 0.000 -0.000 1.800 0.003 0.003 0.000 1.684 0.000 0.000 0.000 0.007
3.383 0.000 -0.000 1.750 0.003 0.003 0.000 1.684 0.000 0.000 0.000 0.007
3.333 -0.000 0.000 1.700 0.003 0.003 0.000 1.684 0.000 0.000 0.000 0.007
3.283 -0.000 0.000 1.650 0.003 0.003 0.000 1.684 0.000 0.000 0.000 0.007
3.233 -0.000 0.000 1.600 0.003 0.003 0.000 1.684 0.000 0.000 0.000 0.007
3.183 -0.000 0.000 1.550 0.004 0.004 0.000 1.684 0.000 0.000 0.000 0.007
3.133 -0.000 0.000 1.500 0.004 0.004 0.000 1.684 0.000 0.000 0.000 0.008
3.083 -0.000 0.000 1.450 0.004 0.004 0.000 1.684 0.000 0.000 0.000 0.008
3.033 -0.000 0.000 1.400 0.004 0.004 0.000 1.684 0.000 0.000 0.000 0.009
2.983 -0.000 0.000 1.350 0.004 0.004 0.000 1.684 0.000 0.000 0.000 0.009
2.883 -0.000 0.000 1.250 0.004 0.004 0.000 1.684 0.000 0.000 0.000 0.008
2.833 -0.000 0.000 1.200 0.004 0.004 0.000 1.684 0.000 0.000 0.000 0.008
2.783 -0.000 0.000 1.150 0.004 0.004 0.000 1.684 0.000 0.000 0.000 0.008
2.683 -0.000 0.000 1.050 0.004 0.004 0.000 1.684 0.000 0.000 0.000 0.009
2.633 -0.000 0.000 1.000 0.004 0.004 0.000 1.684 0.000 0.000 0.000 0.009
2.583 -0.000 0.000 0.950 0.004 0.004 0.000 1.684 0.000 0.000 0.000 0.010
2.533 -0.000 0.000 0.900 0.004 0.004 0.000 1.684 0.000 0.000 0.000 0.010
2.483 -0.000 0.000 0.850 0.004 0.004 0.000 1.684 0.000 0.000 0.000 0.011
2.433 -0.000 0.000 0.800 0.004 0.004 0.000 1.684 0.000 0.000 0.000 0.012
2.383 -0.000 0.000 0.750 0.004 0.004 0.000 1.684 0.000 0.000 0.000 0.013
2.333 -0.000 0.000 0.700 0.004 0.004 0.000 1.684 0.000 0.000 0.000 0.014
2.283 -0.000 0.000 0.650 0.005 0.005 0.000 1.684 0.000 0.000 0.000 0.014
2.233 -0.000 0.000 0.600 0.005 0.005 0.000 1.684 0.000 0.000 0.000 0.015
2.183 -0.000 0.000 0.550 0.005 0.005 0.000 1.684 0.000 0.000 0.000 0.016
2.133 -0.000 0.000 0.500 0.005 0.005 0.000 1.684 0.000 0.000 0.000 0.015
2.083 0.000 0.000 0.450 0.004 0.004 0.000 1.684 0.000 0.000 0.000 0.014
2.033 0.000 0.000 0.400 0.004 0.004 0.000 1.684 0.000 0.000 0.000 0.013
1.983 0.000 0.000 0.350 0.004 0.004 0.000 1.684 0.000 0.000 0.000 0.012
1.933 0.000 0.000 0.300 0.004 0.003 0.000 1.684 0.000 0.000 0.000 0.011
1.883 0.000 0.000 0.250 0.003 0.003 0.000 1.684 0.000 0.000 0.000 0.011
1.833 0.000 -0.000 0.200 0.003 0.003 0.000 1.684 0.000 0.000 0.000 0.010
1.783 0.000 -0.000 0.150 0.003 0.003 0.000 1.684 0.000 0.000 0.000 0.009
1.763 0.000 -0.001 0.130 0.003 0.003 0.000 1.684 0.000 0.000 0.000 0.008
1.743 0.000 -0.001 0.110 0.003 0.003 0.000 1.684 0.000 0.000 0.000 0.008
1.723 0.000 -0.002 0.090 0.003 0.003 0.000 1.684 0.000 0.000 0.000 0.009
1.703 0.000 -0.002 0.070 0.003 0.003 0.000 1.684 0.000 0.000 0.000 0.009
1.683 0.000 -0.003 0.050 0.003 0.003 0.000 1.684 0.000 0.000 0.000 0.009
1.663 0.000 -0.005 0.030 0.003 0.003 0.000 1.684 0.000 0.000 0.000 0.011
1.643 0.000 -0.007 0.010 0.003 0.003 0.000 1.684 0.000 0.000 0.000 0.012
1.633 0.000 -0.007 1.633 0.003 0.003 0.000 1.684 0.000 0.000 0.000 0.013
1.600 0.000 -0.005 1.600 0.003 0.003 0.000 1.684 0.000 0.000 0.000 0.010
1.550 0.000 -0.002 1.550 0.003 0.003 0.000 1.684 0.000 0.000 0.000 0.008
1.500 0.000 -0.001 1.500 0.003 0.003 0.000 1.684 0.000 0.000 0.000 0.007
1.450 -0.000 -0.000 1.450 0.003 0.003 0.000 1.684 0.000 0.000 0.000 0.006
1.400 -0.000 -0.000 1.400 0.003 0.003 0.000 1.684 0.000 0.000 0.000 0.007
1.350 -0.000 -0.000 1.350 0.003 0.003 0.000 1.684 0.000 0.000 0.000 0.007
1.250 -0.000 -0.000 1.250 0.003 0.003 0.000 1.684 0.000 0.000 0.000 0.007
1.200 -0.000 0.000 1.200 0.004 0.004 0.000 1.684 0.000 0.000 0.000 0.008
1.150 -0.000 0.000 1.150 0.004 0.004 0.000 1.684 0.000 0.000 0.000 0.008
1.050 -0.000 0.000 1.050 0.003 0.003 0.000 1.684 0.000 0.000 0.000 0.007
0.950 -0.000 0.000 0.950 0.003 0.003 0.000 1.684 0.000 0.000 0.000 0.006
0.900 -0.000 0.000 0.900 0.003 0.003 0.000 1.684 0.000 0.000 0.000 0.006
0.850 -0.000 0.000 0.850 0.003 0.003 0.000 1.684 0.000 0.000 0.000 0.006
0.800 -0.000 -0.000 0.800 0.003 0.003 0.000 1.684 0.000 0.000 0.000 0.006
0.750 -0.000 -0.000 0.750 0.003 0.003 0.000 1.684 0.000 0.000 0.000 0.006
0.700 -0.000 -0.000 0.700 0.003 0.003 0.000 1.684 0.000 0.000 0.000 0.007
0.650 -0.000 -0.000 0.650 0.003 0.003 0.000 1.684 0.000 0.000 0.000 0.007
0.600 -0.000 -0.000 0.600 0.003 0.003 0.000 1.684 0.000 0.000 0.000 0.008
0.550 -0.000 -0.000 0.550 0.004 0.004 0.000 1.684 0.000 0.000 0.000 0.008
0.500 0.000 -0.000 0.500 0.004 0.004 0.000 1.684 0.000 0.000 0.000 0.009
0.450 0.000 -0.000 0.450 0.004 0.004 0.000 1.684 0.000 0.000 0.000 0.010
0.400 0.000 -0.000 0.400 0.004 0.004 0.000 1.684 0.000 0.000 0.000 0.010
0.350 -0.000 -0.000 0.350 0.005 0.005 0.000 1.684 0.000 0.000 0.000 0.011
0.300 -0.000 -0.000 0.300 0.004 0.004 0.000 1.684 0.000 0.000 0.000 0.010
0.250 -0.000 -0.000 0.250 0.004 0.004 0.000 1.684 0.000 0.000 0.000 0.009
0.200 -0.000 -0.000 0.200 0.003 0.003 0.000 1.684 0.000 0.000 0.000 0.007
0.180 -0.000 -0.000 0.180 0.003 0.003 0.000 1.684 0.000 0.000 0.000 0.007
0.150 -0.000 -0.000 0.150 0.002 0.002 0.000 1.684 0.000 0.000 0.000 0.006
0.130 -0.000 -0.000 0.130 0.002 0.002 0.000 1.683 0.000 0.000 0.000 0.005
0.110 -0.000 -0.000 0.110 0.002 0.002 0.000 1.683 0.000 0.000 0.000 0.005
0.090 0.000 -0.000 0.090 0.002 0.002 0.000 1.679 0.000 0.000 0.000 0.004
0.070 0.000 -0.000 0.070 0.002 0.002 0.000 1.656 0.000 0.000 0.000 0.004
0.050 0.000 -0.000 0.050 0.002 0.002 0.000 1.509 0.000 0.000 0.000 0.004
0.030 0.000 -0.000 0.030 0.002 0.002 0.000 1.274 0.000 0.000 0.000 0.004
0.020 0.000 -0.000 0.020 0.002 0.002 0.000 1.167 0.000 0.000 0.000 0.004
0.010 0.000 -0.000 0.010 0.002 0.002 0.000 1.075 0.000 0.000 0.000 0.004
0.000 0.000 -0.000 -0.000 0.002 0.002 0.000 1.000 0.000 0.000 0.000 0.003
