   position        avgx        avgy        avgz        stdx        stdy        stdt        avgG    nemixrms    nemiyrms    nemirrms        rmax 
 2.800e+00 -4.997e-05 -1.373e-04  2.800e+00  2.812e-03  2.819e-03  4.641e-10  1.684e+00  7.433e-06  7.377e-06  7.404e-06  1.224e-02 
 2.750e+00 -3.592e-05 -1.040e-04  2.750e+00  2.110e-03  2.129e-03  4.634e-10  1.684e+00  6.412e-06  6.361e-06  6.386e-06  9.652e-03 
 2.700e+00 -2.209e-05 -7.128e-05  2.700e+00  1.457e-03  1.485e-03  4.627e-10  1.684e+00  5.346e-06  5.338e-06  5.342e-06  7.083e-03 
 2.650e+00 -8.730e-06 -4.000e-05  2.650e+00  8.753e-04  9.082e-04  4.620e-10  1.684e+00  4.352e-06  4.439e-06  4.395e-06  4.591e-03 
 2.600e+00  4.074e-06 -1.208e-05  2.600e+00  4.273e-04  4.515e-04  4.613e-10  1.683e+00  3.728e-06  3.968e-06  3.846e-06  3.210e-03 
 2.590e+00  6.587e-06 -7.411e-06  2.590e+00  3.688e-04  3.880e-04  4.612e-10  1.683e+00  3.675e-06  3.941e-06  3.805e-06  3.183e-03 
 2.550e+00  1.580e-05  5.137e-06  2.550e+00  3.594e-04  3.587e-04  4.606e-10  1.683e+00  3.741e-06  4.020e-06  3.878e-06  3.100e-03 
 2.500e+00  2.600e-05  1.130e-05  2.500e+00  7.696e-04  7.677e-04  4.600e-10  1.684e+00  4.343e-06  4.436e-06  4.389e-06  3.939e-03 
 2.450e+00  3.586e-05  1.554e-05  2.450e+00  1.358e-03  1.353e-03  4.593e-10  1.684e+00  4.701e-06  4.760e-06  4.730e-06  5.477e-03 
 2.400e+00  4.561e-05  1.929e-05  2.400e+00  2.027e-03  2.018e-03  4.587e-10  1.684e+00  4.907e-06  4.993e-06  4.874e-06  7.949e-03 
 2.350e+00  5.562e-05  2.210e-05  2.350e+00  2.746e-03  2.731e-03  4.580e-10  1.684e+00  8.541e-06  8.710e-06  4.954e-06  1.051e-02 
 2.250e+00  7.616e-05 -3.145e-06  2.250e+00  4.084e-03  4.011e-03  4.567e-10  1.684e+00  1.881e-04  1.882e-04  5.092e-06  1.489e-02 
 2.200e+00  6.767e-05 -2.592e-05  2.200e+00  4.086e-03  4.011e-03  4.561e-10  1.684e+00  8.753e-05  8.755e-05  5.263e-06  1.456e-02 
 2.150e+00  5.840e-05 -2.875e-05  2.150e+00  3.881e-03  3.818e-03  4.555e-10  1.684e+00  1.502e-05  1.496e-05  5.555e-06  1.345e-02 
 2.050e+00  4.430e-05 -2.326e-05  2.050e+00  3.528e-03  3.479e-03  4.543e-10  1.684e+00  6.266e-06  6.305e-06  6.283e-06  1.120e-02 
 2.000e+00  3.752e-05 -1.994e-05  2.000e+00  3.393e-03  3.350e-03  4.537e-10  1.684e+00  6.618e-06  6.664e-06  6.639e-06  1.009e-02 
 1.950e+00  3.073e-05 -1.661e-05  1.950e+00  3.287e-03  3.249e-03  4.531e-10  1.684e+00  6.944e-06  6.988e-06  6.964e-06  9.006e-03 
 1.900e+00  2.391e-05 -1.328e-05  1.900e+00  3.211e-03  3.180e-03  4.526e-10  1.684e+00  7.227e-06  7.265e-06  7.243e-06  7.935e-03 
 1.850e+00  1.705e-05 -9.932e-06  1.850e+00  3.166e-03  3.141e-03  4.520e-10  1.684e+00  7.455e-06  7.480e-06  7.465e-06  6.937e-03 
 1.800e+00  1.016e-05 -6.579e-06  1.800e+00  3.154e-03  3.135e-03  4.515e-10  1.684e+00  7.617e-06  7.628e-06  7.620e-06  6.721e-03 
 1.750e+00  3.239e-06 -3.215e-06  1.750e+00  3.174e-03  3.161e-03  4.509e-10  1.684e+00  7.709e-06  7.709e-06  7.706e-06  6.646e-03 
 1.700e+00 -3.712e-06  1.577e-07  1.700e+00  3.226e-03  3.219e-03  4.504e-10  1.684e+00  7.734e-06  7.727e-06  7.727e-06  6.721e-03 
 1.650e+00 -1.068e-05  3.541e-06  1.650e+00  3.309e-03  3.309e-03  4.499e-10  1.684e+00  7.696e-06  7.688e-06  7.689e-06  6.848e-03 
 1.600e+00 -1.767e-05  6.929e-06  1.600e+00  3.424e-03  3.430e-03  4.493e-10  1.684e+00  7.602e-06  7.598e-06  7.597e-06  7.071e-03 
 1.550e+00 -2.463e-05  1.037e-05  1.550e+00  3.568e-03  3.580e-03  4.488e-10  1.684e+00  7.696e-06  7.600e-06  7.465e-06  7.448e-03 
 1.500e+00 -3.146e-05  1.411e-05  1.500e+00  3.740e-03  3.758e-03  4.483e-10  1.684e+00  1.113e-05  1.078e-05  7.289e-06  7.872e-03 
 1.450e+00 -3.732e-05  1.968e-05  1.450e+00  3.936e-03  3.958e-03  4.478e-10  1.684e+00  5.219e-05  5.164e-05  7.097e-06  8.332e-03 
 1.400e+00 -3.769e-05  3.136e-05  1.400e+00  4.078e-03  4.093e-03  4.473e-10  1.684e+00  1.192e-04  1.185e-04  6.977e-06  8.657e-03 
 1.350e+00 -3.302e-05  4.178e-05  1.350e+00  4.021e-03  4.019e-03  4.468e-10  1.684e+00  5.415e-05  5.342e-05  6.810e-06  8.546e-03 
 1.250e+00 -3.336e-05  4.945e-05  1.250e+00  3.796e-03  3.784e-03  4.459e-10  1.684e+00  6.901e-06  6.179e-06  6.258e-06  8.215e-03 
 1.200e+00 -3.482e-05  5.229e-05  1.200e+00  3.719e-03  3.705e-03  4.454e-10  1.684e+00  6.273e-06  5.689e-06  5.970e-06  8.105e-03 
 1.150e+00 -3.639e-05  5.508e-05  1.150e+00  3.669e-03  3.651e-03  4.450e-10  1.684e+00  5.997e-06  5.408e-06  5.692e-06  8.046e-03 
 1.050e+00 -3.955e-05  6.067e-05  1.050e+00  3.649e-03  3.626e-03  4.441e-10  1.684e+00  5.508e-06  4.935e-06  5.213e-06  8.519e-03 
 1.000e+00 -4.113e-05  6.345e-05  1.000e+00  3.681e-03  3.654e-03  4.436e-10  1.684e+00  5.317e-06  4.767e-06  5.034e-06  8.932e-03 
 9.500e-01 -4.270e-05  6.621e-05  9.500e-01  3.739e-03  3.709e-03  4.432e-10  1.684e+00  5.174e-06  4.660e-06  4.909e-06  9.526e-03 
 9.000e-01 -4.427e-05  6.895e-05  9.000e-01  3.823e-03  3.791e-03  4.428e-10  1.684e+00  5.086e-06  4.619e-06  4.844e-06  1.014e-02 
 8.500e-01 -4.583e-05  7.167e-05  8.500e-01  3.934e-03  3.898e-03  4.424e-10  1.684e+00  5.056e-06  4.646e-06  4.843e-06  1.091e-02 
 8.000e-01 -4.739e-05  7.437e-05  8.000e-01  4.070e-03  4.030e-03  4.419e-10  1.684e+00  5.081e-06  4.736e-06  4.901e-06  1.178e-02 
 7.500e-01 -4.894e-05  7.704e-05  7.500e-01  4.230e-03  4.187e-03  4.415e-10  1.684e+00  5.158e-06  4.879e-06  5.012e-06  1.266e-02 
 7.000e-01 -5.029e-05  7.981e-05  7.000e-01  4.414e-03  4.367e-03  4.411e-10  1.684e+00  6.033e-06  5.774e-06  5.167e-06  1.356e-02 
 6.500e-01 -5.084e-05  8.306e-05  6.500e-01  4.622e-03  4.568e-03  4.408e-10  1.684e+00  1.481e-05  1.468e-05  5.360e-06  1.448e-02 
 6.000e-01 -4.681e-05  8.868e-05  6.000e-01  4.850e-03  4.778e-03  4.404e-10  1.684e+00  8.584e-05  8.579e-05  5.579e-06  1.539e-02 
 5.500e-01 -2.540e-05  9.736e-05  5.500e-01  4.984e-03  4.866e-03  4.400e-10  1.684e+00  1.936e-04  1.936e-04  5.619e-06  1.594e-02 
 5.000e-01 -2.335e-06  9.406e-05  5.000e-01  4.773e-03  4.643e-03  4.397e-10  1.684e+00  8.212e-05  8.214e-05  5.622e-06  1.536e-02 
 4.500e-01  3.333e-06  8.502e-05  4.500e-01  4.446e-03  4.325e-03  4.393e-10  1.684e+00  1.383e-05  1.379e-05  5.818e-06  1.439e-02 
 4.000e-01  3.992e-06  7.539e-05  4.000e-01  4.135e-03  4.024e-03  4.390e-10  1.684e+00  6.570e-06  6.453e-06  6.031e-06  1.341e-02 
 3.500e-01  3.795e-06  6.419e-05  3.500e-01  3.848e-03  3.747e-03  4.386e-10  1.684e+00  6.264e-06  6.175e-06  6.219e-06  1.244e-02 
 3.000e-01  3.413e-06  4.747e-05  3.000e-01  3.587e-03  3.497e-03  4.383e-10  1.684e+00  6.390e-06  6.358e-06  6.374e-06  1.148e-02 
 2.500e-01  3.019e-06  1.180e-05  2.500e-01  3.354e-03  3.276e-03  4.380e-10  1.684e+00  6.474e-06  6.511e-06  6.492e-06  1.053e-02 
 2.000e-01  2.621e-06 -8.806e-05  2.000e-01  3.152e-03  3.085e-03  4.376e-10  1.684e+00  6.507e-06  6.633e-06  6.570e-06  9.557e-03 
 1.500e-01  2.225e-06 -3.953e-04  1.500e-01  2.981e-03  2.927e-03  4.373e-10  1.684e+00  6.484e-06  6.710e-06  6.596e-06  8.598e-03 
 1.300e-01  2.069e-06 -6.496e-04  1.300e-01  2.922e-03  2.874e-03  4.372e-10  1.684e+00  6.457e-06  6.720e-06  6.587e-06  8.480e-03 
 1.100e-01  1.914e-06 -1.033e-03  1.100e-01  2.868e-03  2.827e-03  4.371e-10  1.684e+00  6.420e-06  6.709e-06  6.563e-06  8.452e-03 
 9.000e-02  1.760e-06 -1.594e-03  9.000e-02  2.820e-03  2.786e-03  4.370e-10  1.684e+00  6.371e-06  6.675e-06  6.521e-06  8.559e-03 
 7.000e-02  1.607e-06 -2.382e-03  7.000e-02  2.777e-03  2.751e-03  4.369e-10  1.684e+00  6.310e-06  6.615e-06  6.460e-06  8.858e-03 
 5.000e-02  1.455e-06 -3.449e-03  5.000e-02  2.740e-03  2.723e-03  4.368e-10  1.684e+00  6.235e-06  6.526e-06  6.379e-06  9.419e-03 
 3.000e-02  1.304e-06 -4.836e-03  3.000e-02  2.709e-03  2.700e-03  4.366e-10  1.684e+00  6.147e-06  6.406e-06  6.275e-06  1.064e-02 
 1.000e-02  1.153e-06 -6.577e-03  1.000e-02  2.684e-03  2.684e-03  4.365e-10  1.684e+00  6.044e-06  6.257e-06  6.149e-06  1.232e-02 
 1.633e+00  2.127e-05 -7.121e-03  1.633e+00  2.695e-03  2.621e-03  4.425e-10  1.684e+00  6.276e-06  5.807e-06  6.037e-06  1.312e-02 
 1.600e+00  8.525e-07 -4.643e-03  1.600e+00  2.653e-03  2.653e-03  4.363e-10  1.684e+00  5.796e-06  5.583e-06  5.688e-06  1.029e-02 
 1.550e+00  4.843e-07 -1.873e-03  1.550e+00  2.650e-03  2.645e-03  4.360e-10  1.684e+00  5.447e-06  5.109e-06  5.275e-06  7.621e-03 
 1.500e+00  1.170e-07 -6.365e-04  1.500e+00  2.685e-03  2.676e-03  4.358e-10  1.684e+00  5.102e-06  4.660e-06  4.876e-06  6.557e-03 
 1.450e+00 -2.498e-07 -1.944e-04  1.450e+00  2.757e-03  2.747e-03  4.355e-10  1.684e+00  4.825e-06  4.335e-06  4.573e-06  6.398e-03 
 1.400e+00 -6.223e-07 -5.630e-05  1.400e+00  2.863e-03  2.854e-03  4.353e-10  1.684e+00  4.686e-06  4.205e-06  4.439e-06  6.531e-03 
 1.350e+00 -1.010e-06 -1.555e-05  1.350e+00  3.005e-03  2.997e-03  4.350e-10  1.684e+00  4.775e-06  4.351e-06  4.520e-06  6.787e-03 
 1.250e+00 -1.706e-06 -5.604e-07  1.250e+00  3.387e-03  3.380e-03  4.346e-10  1.684e+00  1.964e-05  1.954e-05  5.269e-06  7.489e-03 
 1.200e+00 -1.847e-06  5.010e-07  1.200e+00  3.595e-03  3.588e-03  4.344e-10  1.684e+00  8.953e-05  8.947e-05  5.856e-06  7.848e-03 
 1.150e+00 -1.607e-06  1.050e-06  1.150e+00  3.615e-03  3.610e-03  4.341e-10  1.684e+00  8.903e-05  8.895e-05  6.608e-06  7.772e-03 
 1.050e+00 -1.256e-06  9.009e-07  1.050e+00  3.295e-03  3.293e-03  4.337e-10  1.684e+00  8.519e-06  8.415e-06  7.779e-06  6.785e-03 
 9.500e-01 -1.060e-06  4.830e-07  9.500e-01  3.077e-03  3.075e-03  4.334e-10  1.684e+00  8.575e-06  8.484e-06  8.529e-06  6.040e-03 
 9.000e-01 -9.562e-07  2.710e-07  9.000e-01  3.021e-03  3.019e-03  4.332e-10  1.684e+00  8.737e-06  8.639e-06  8.688e-06  5.790e-03 
 8.500e-01 -8.481e-07  5.991e-08  8.500e-01  3.001e-03  3.000e-03  4.331e-10  1.684e+00  8.736e-06  8.632e-06  8.684e-06  5.601e-03 
 8.000e-01 -7.354e-07 -1.495e-07  8.000e-01  3.019e-03  3.018e-03  4.329e-10  1.684e+00  8.572e-06  8.463e-06  8.517e-06  5.814e-03 
 7.500e-01 -6.167e-07 -3.573e-07  7.500e-01  3.074e-03  3.073e-03  4.328e-10  1.684e+00  8.251e-06  8.137e-06  8.194e-06  6.177e-03 
 7.000e-01 -4.920e-07 -5.598e-07  7.000e-01  3.164e-03  3.163e-03  4.326e-10  1.684e+00  7.788e-06  7.670e-06  7.729e-06  6.624e-03 
 6.500e-01 -3.617e-07 -7.559e-07  6.500e-01  3.288e-03  3.287e-03  4.325e-10  1.684e+00  7.201e-06  7.082e-06  7.141e-06  7.138e-03 
 6.000e-01 -2.272e-07 -9.454e-07  6.000e-01  3.445e-03  3.444e-03  4.324e-10  1.684e+00  6.514e-06  6.397e-06  6.455e-06  7.707e-03 
 5.500e-01 -8.881e-08 -1.127e-06  5.500e-01  3.633e-03  3.632e-03  4.322e-10  1.684e+00  5.758e-06  5.645e-06  5.701e-06  8.310e-03 
 5.000e-01  5.412e-08 -1.304e-06  5.000e-01  3.849e-03  3.847e-03  4.321e-10  1.684e+00  5.325e-06  5.220e-06  4.916e-06  8.944e-03 
 4.500e-01  1.877e-07 -1.480e-06  4.500e-01  4.092e-03  4.089e-03  4.320e-10  1.684e+00  1.037e-05  1.033e-05  4.146e-06  9.618e-03 
 4.000e-01  2.512e-07 -1.671e-06  4.000e-01  4.356e-03  4.352e-03  4.320e-10  1.684e+00  5.952e-05  5.951e-05  3.484e-06  1.038e-02 
 3.500e-01 -7.102e-08 -1.843e-06  3.500e-01  4.532e-03  4.525e-03  4.319e-10  1.684e+00  2.052e-04  2.052e-04  2.943e-06  1.090e-02 
 3.000e-01 -5.725e-07 -1.676e-06  3.000e-01  4.212e-03  4.205e-03  4.319e-10  1.684e+00  1.238e-04  1.238e-04  2.601e-06  1.020e-02 
 2.500e-01 -5.905e-07 -1.486e-06  2.500e-01  3.603e-03  3.598e-03  4.319e-10  1.684e+00  1.767e-05  1.770e-05  2.730e-06  8.758e-03 
 2.000e-01 -4.184e-07 -1.374e-06  2.000e-01  3.001e-03  2.996e-03  4.318e-10  1.684e+00  3.939e-06  3.984e-06  3.018e-06  7.322e-03 
 1.800e-01 -3.402e-07 -1.334e-06  1.800e-01  2.769e-03  2.765e-03  4.318e-10  1.684e+00  3.358e-06  3.394e-06  3.151e-06  6.770e-03 
 1.500e-01 -2.203e-07 -1.275e-06  1.500e-01  2.433e-03  2.430e-03  4.318e-10  1.684e+00  3.348e-06  3.364e-06  3.348e-06  5.955e-03 
 1.300e-01 -1.382e-07 -1.235e-06  1.300e-01  2.219e-03  2.217e-03  4.317e-10  1.683e+00  3.469e-06  3.474e-06  3.471e-06  5.424e-03 
 1.100e-01 -5.732e-08 -1.195e-06  1.100e-01  2.014e-03  2.011e-03  4.317e-10  1.683e+00  3.579e-06  3.574e-06  3.576e-06  4.904e-03 
 9.000e-02  2.246e-08 -1.157e-06  9.000e-02  1.819e-03  1.818e-03  4.317e-10  1.679e+00  3.668e-06  3.654e-06  3.661e-06  4.401e-03 
 7.000e-02  1.047e-07 -1.130e-06  7.000e-02  1.650e-03  1.649e-03  4.317e-10  1.656e+00  3.726e-06  3.703e-06  3.714e-06  3.948e-03 
 5.000e-02  2.053e-07 -1.176e-06  5.000e-02  1.587e-03  1.586e-03  4.317e-10  1.509e+00  3.734e-06  3.704e-06  3.719e-06  3.732e-03 
 3.000e-02  3.489e-07 -1.297e-06  3.000e-02  1.622e-03  1.621e-03  4.317e-10  1.274e+00  3.693e-06  3.655e-06  3.674e-06  3.707e-03 
 2.000e-02  4.334e-07 -1.357e-06  2.000e-02  1.643e-03  1.643e-03  4.317e-10  1.167e+00  3.637e-06  3.593e-06  3.615e-06  3.674e-03 
 1.000e-02  5.056e-07 -1.396e-06  1.000e-02  1.658e-03  1.658e-03  4.317e-10  1.075e+00  3.305e-06  3.262e-06  3.283e-06  3.574e-03 
 0.000e+00  2.204e-06 -2.055e-06 -6.527e-23  1.652e-03  1.653e-03  4.330e-10  1.000e+00  2.299e-07  2.306e-07  2.302e-07  3.305e-03 
                                                                                                                        
